    day : 2 Aout 2013
    
 direct  PPI_file zone  nb rays

     1     1     3    30
     1     2     3    37
     1     3     3    43
     1     5     2    43
     1    11     4    32
     1    15     1    33
     1    21     4    44
     1    22     3    30
     1    52     3    32
     1    56     2    38
     1    59     7    32
     1    60     2    37
     1    61     4    33
     1    68     3    32
     1    86     3    54
     1    87     1    34
     1    87     2    46
     1    88     2    30
     1    90     5    32
     1    91     3    30
     1    91     5    30
     1    92     3    35
     1    92     6    30
     1    99     4    31
     1   104     1    30
     1   105     8    31
     1   105     9    30
     1   106     2    36
     1   110     2    31
     1   111     1    31
     1   111     3    41
     1   114     1    31
     1   117     6    37
     1   118     4    47
     1   119     2    31
     1   120     1    39
     1   124     3    33
     1   125     1    34
     1   125     2    39
     1   140     3    38
     1   143     3    39
     1   143     4    33
     1   148     1    37
     1   148     2    44
     1   149     1    33
     1   151     3    37
     1   152     5    38
     1   153     6    49
     1   154     3    40
     1   155     5    43
     1   156     1    36
